fx = 9.842439e+02
cx = 6.900000e+02
fy = 9.808141e+02
cy = 2.331966e+02
k1 = -3.728755e-01
k2 = 2.037299e-01
p1 = 2.219027e-03
p2 = 1.383707e-03
k3 = -7.233722e-02
