fx = 1075.47
fy = 1077.22
cx = 621.01
cy = 362.80

