A = [-0.322, 0.052, 0.028, -1.12, 0.002;
        0, 0, 1, -0.001, 0;
        -10.6, 0, -2.87, 0.46, -0.65;
        6.87, 0, -0.04, -0.32, -0.02;
        0, 0, 0, 0, -7.5];
V_a = 580/3.6; % m/s
B = [0 0 0 0 7.5]';
C = eye(4, 5);
